1   3   5   29   12   2021   3   Самолет   388.907990   1228.910034
2   5   3   2   2   2022   2   Автомобиль   240.610016   841.810059
3   7   2   5   6   2022   5   Автомобиль   285.139984   1987.140015
4   4   6   8   1   2023   3   Автобус   192.384003   898.883972
7   2   1   14   3   2023   4   Самолет   1356.239990   4598.240234
8   6   2   1   12   2022   1   Автобус   228.111984   568.511963
9   4   8   30   11   2022   2   Самолет   345.480011   965.479980
6   1   2   23   7   2022   2   Автобус   456.220001   1137.020020
10   3   2   12   10   2022   1   Автобус   228.110001   568.510010
11   6   5   14   8   2023   5   Самолет   648.179993   2048.179932
5   7   2   28   12   2022   4   Автомобиль   285.14   1646.74
